731.00
745.00
729.00
712.00
726.00
800.00
821.00
778.00
749.00
760.00
750.00
745.00
711.00
683.00
671.00
674.00
654.00
631.00
626.00
622.00
628.00
645.00
676.00
718.00
726.00
690.00
688.00
701.00
729.00
726.00
721.00
694.00
688.00
688.00
714.00
735.00
769.00
729.00
717.00
717.00
732.00
739.00
726.00
708.00
684.00
670.00
680.00
671.00
648.00
647.00
652.00
656.00
657.00
699.00
713.00
717.00
699.00
692.00
690.00
685.00
656.00
660.00
657.00
675.00
692.00
705.00
694.00
682.00
685.00
705.00
683.00
654.00
642.00
649.00
646.00
651.00
680.00
709.00
709.00
697.00
695.00
713.00
730.00
732.00
716.00
699.00
684.00
683.00
688.00
704.00
705.00
701.00
683.00
673.00
704.00
688.00
663.00
646.00
649.00
633.00
630.00
642.00
683.00
727.00
742.00
734.00
700.00
703.00
723.00
713.00
704.00
692.00
679.00
691.00
747.00
779.00
777.00
743.00
744.00
755.00
715.00
675.00
679.00
671.00
668.00
683.00
699.00
703.00
698.00
706.00
740.00
760.00
738.00
720.00
723.00
712.00
697.00
703.00
724.00
733.00
722.00
718.00
701.00
700.00
688.00
661.00
646.00
645.00
638.00
635.00
637.00
680.00
728.00
725.00
721.00
722.00
687.00
690.00
713.00
749.00
751.00
749.00
738.00
699.00
688.00
690.00
660.00
637.00
633.00
634.00
637.00
649.00
680.00
761.00
766.00
760.00
726.00
726.00
738.00
750.00
745.00
716.00
707.00
716.00
717.00
736.00
707.00
671.00
652.00
653.00
657.00
685.00
700.00
704.00
692.00
680.00
676.00
696.00
707.00
727.00
727.00
730.00
734.00
787.00
838.00
809.00
799.00
741.00
712.00
723.00
729.00
746.00
759.00
735.00
725.00
737.00
785.00
790.00
782.00
744.00
725.00
712.00
723.00
732.00
719.00
712.00
730.00
808.00
804.00
772.00
744.00
700.00
685.00
690.00
711.00
718.00
721.00
708.00
691.00
696.00
716.00
742.00
746.00
731.00
717.00
718.00
746.00
718.00
681.00
660.00
656.00
656.00
665.00
689.00
712.00
720.00
722.00
688.00
669.00
665.00
682.00
713.00
681.00
645.00
641.00
655.00
665.00
701.00
747.00
752.00
721.00
741.00
747.00
734.00
735.00
812.00
813.00
785.00
748.00
716.00
694.00
703.00
711.00
708.00
711.00
702.00
708.00
711.00
714.00
723.00
738.00
705.00
668.00
683.00
693.00
673.00
676.00
686.00
629.00
628.00
631.00
634.00
657.00
689.00
707.00
710.00
691.00
679.00
680.00
706.00
744.00
747.00
765.00
757.00
776.00
833.00
823.00
807.00
768.00
752.00
779.00
769.00
