708
764
772
788
792
764
776
736
732
708
696
676
680
620
632
616
616
640
656
692
708
708
704
696
700
736
720
720
684
684
704
716
724
768
712
736
716
744
732
712
704
680
700
712
632
652
612
624
700
652
740
696
716
680
712
664
676
632
652
660
680
688
700
684
672
684
720
696
696
640
608
628
652
712
676
696
700
684
712
720
732
732
704
700
684
692
684
708
708
688
672
700
616
636
628
620
676
704
724
736
720
716
700
724
712
688
664
716
708
744
764
764
744
772
736
736
668
656
680
664
712
684
688
700
716
744
748
752
708
724
704
720
704
716
732
708
724
712
692
656
604
656
628
640
628
736
720
712
720
708
688
716
704
744
756
740
728
692
708
692
632
636
616
660
748
724
736
740
756
724
700
740
720
704
704
720
716
744
696
684
616
676
640
712
700
696
684
684
672
696
732
708
712
740
724
800
832
808
796
740
724
732
720
752
744
728
728
744
784
796
776
752
708
736
720
720
712
712
740
796
816
772
708
732
696
688
716
728
700
700
692
700
732
740
732
720
728
728
744
724
684
608
652
676
672
724
696
720
720
656
684
680
696
700
684
604
640
656
696
724
728
728
736
744
744
816
800
724
712
712
712
716
704
696
720
700
712
708
736
712
732
676
644
672
692
668
744
624
608
628
608
652
620
684
672
708
676
736
624
752
748
740
716
728
796
840
812
780
816
756
796
744
