538.00
533.00
535.00
541.00
543.00
540.00
534.00
534.00
536.00
539.00
533.00
530.00
532.00
535.00
537.00
535.00
530.00
529.00
532.00
533.00
531.00
527.00
521.00
525.00
526.00
528.00
525.00
521.00
528.00
533.00
534.00
530.00
525.00
528.00
532.00
534.00
531.00
525.00
526.00
530.00
533.00
536.00
532.00
529.00
530.00
536.00
539.00
543.00
538.00
536.00
540.00
543.00
544.00
546.00
539.00
535.00
536.00
537.00
541.00
540.00
538.00
534.00
535.00
542.00
548.00
556.00
557.00
552.00
546.00
548.00
550.00
552.00
547.00
541.00
537.00
540.00
544.00
545.00
542.00
539.00
534.00
536.00
542.00
551.00
552.00
543.00
542.00
547.00
549.00
555.00
552.00
545.00
543.00
548.00
552.00
551.00
548.00
550.00
559.00
560.00
549.00
543.00
543.00
545.00
545.00
538.00
531.00
534.00
535.00
535.00
529.00
525.00
527.00
526.00
525.00
521.00
521.00
531.00
539.00
545.00
546.00
545.00
552.00
557.00
552.00
547.00
541.00
544.00
543.00
540.00
532.00
525.00
526.00
526.00
525.00
521.00
517.00
518.00
523.00
531.00
536.00
532.00
533.00
541.00
547.00
553.00
551.00
547.00
553.00
561.00
564.00
559.00
551.00
448.00
625.00
550.00
544.00
540.00
535.00
534.00
538.00
541.00
540.00
538.00
538.00
546.00
554.00
558.00
553.00
547.00
550.00
555.00
555.00
544.00
540.00
543.00
547.00
550.00
543.00
539.00
542.00
548.00
554.00
548.00
543.00
545.00
549.00
553.00
547.00
542.00
536.00
541.00
543.00
549.00
543.00
538.00
540.00
544.00
548.00
544.00
540.00
536.00
540.00
543.00
542.00
536.00
530.00
536.00
538.00
540.00
544.00
540.00
536.00
540.00
546.00
551.00
549.00
544.00
541.00
545.00
546.00
543.00
536.00
530.00
534.00
533.00
534.00
527.00
522.00
523.00
525.00
527.00
526.00
523.00
523.00
528.00
535.00
535.00
530.00
529.00
534.00
535.00
529.00
524.00
524.00
524.00
524.00
521.00
514.00
512.00
513.00
512.00
514.00
511.00
507.00
512.00
516.00
521.00
520.00
518.00
521.00
530.00
535.00
533.00
533.00
535.00
543.00
552.00
553.00
545.00
538.00
533.00
532.00
533.00
534.00
532.00
528.00
523.00
528.00
532.00
536.00
537.00
531.00
531.00
537.00
541.00
545.00
541.00
534.00
536.00
542.00
545.00
542.00
537.00
536.00
540.00
543.00
540.00
534.00
537.00
544.00
546.00
539.00
532.00
535.00
538.00
541.00
543.00
540.00
540.00
546.00
547.00
544.00
538.00
535.00
538.00
540.00
544.00
546.00
537.00
532.00
534.00
536.00
542.00
540.00
538.00
537.00
546.00
554.00
561.00
554.00
550.00
553.00
555.00
554.00
546.00
538.00
534.00
535.00
536.00
536.00
531.00
525.00
525.00
529.00
533.00
536.00
533.00
528.00
532.00
536.00
541.00
534.00
531.00
532.00
537.00
540.00
541.00
535.00
530.00
535.00
536.00
539.00
535.00
533.00
537.00
543.00
545.00
543.00
537.00
534.00
536.00
537.00
539.00
537.00
529.00
529.00
532.00
533.00
535.00
532.00
527.00
530.00
532.00
535.00
537.00
532.00
525.00
528.00
531.00
534.00
533.00
529.00
524.00
529.00
534.00
539.00
542.00
544.00
539.00
531.00
528.00
529.00
530.00
531.00
532.00
527.00
526.00
531.00
533.00
536.00
531.00
528.00
527.00
530.00
533.00
535.00
537.00
532.00
527.00
530.00
532.00
532.00
533.00
528.00
523.00
527.00
528.00
531.00
531.00
528.00
526.00
531.00
536.00
540.00
540.00
532.00
528.00
531.00
532.00
536.00
536.00
533.00
529.00
529.00
532.00
536.00
540.00
542.00
540.00
534.00
532.00
535.00
538.00
539.00
541.00
536.00
531.00
529.00
534.00
539.00
544.00
542.00
537.00
532.00
534.00
536.00
537.00
536.00
529.00
526.00
529.00
532.00
534.00
530.00
526.00
523.00
527.00
528.00
535.00
534.00
528.00
529.00
534.00
539.00
544.00
543.00
537.00
533.00
535.00
540.00
543.00
546.00
535.00
533.00
536.00
538.00
539.00
540.00
534.00
531.00
533.00
538.00
541.00
546.00
541.00
536.00
539.00
544.00
545.00
544.00
540.00
536.00
539.00
541.00
544.00
540.00
536.00
541.00
545.00
549.00
549.00
542.00
541.00
545.00
550.00
548.00
541.00
540.00
545.00
545.00
551.00
546.00
543.00
548.00
551.00
555.00
552.00
546.00
541.00
544.00
546.00
543.00
537.00
539.00
544.00
548.00
549.00
546.00
541.00
540.00
540.00
543.00
