536
528
536
548
532
548
524
544
540
540
536
528
536
524
544
532
536
528
544
528
528
536
520
540
524
528
524
520
524
524
524
548
516
532
532
528
536
524
532
528
532
528
540
528
532
528
532
540
536
532
540
540
544
548
540
532
540
540
544
540
536
536
528
540
536
548
548
556
548
548
552
548
560
548
536
544
544
544
544
548
524
540
540
544
540
548
548
536
548
552
552
548
548
548
548
540
556
540
548
560
564
548
544
556
548
544
532
536
544
540
524
540
528
528
524
524
512
532
532
536
536
540
556
556
552
544
552
548
548
540
528
540
528
528
528
516
520
520
516
532
528
524
532
540
544
544
544
548
552
564
560
556
556
552
500
564
572
540
536
544
540
532
540
532
536
544
556
548
552
544
556
552
560
552
540
548
548
548
548
540
540
548
544
548
544
548
544
556
552
544
540
540
548
548
536
544
536
548
544
540
548
532
544
548
540
540
532
532
544
540
540
536
532
536
548
548
536
548
540
552
548
540
532
544
536
536
536
520
524
532
528
520
524
516
528
528
532
532
528
536
532
540
524
524
540
524
524
520
516
516
520
512
512
500
504
520
516
520
504
516
532
520
524
532
532
532
544
540
556
552
540
536
540
540
536
532
516
528
528
532
540
528
532
536
532
544
544
532
536
544
544
540
536
540
540
552
544
524
536
540
548
544
536
536
536
540
544
528
540
532
556
552
548
536
532
540
536
548
540
548
532
536
536
540
540
540
532
536
544
548
556
540
552
568
556
548
540
544
540
540
540
524
524
532
528
528
532
524
540
532
536
540
528
536
536
532
540
536
532
544
536
536
540
524
528
540
540
552
540
532
544
532
540
548
528
528
532
540
540
524
532
524
536
540
532
532
528
520
540
540
532
528
516
528
524
536
548
536
540
540
532
532
540
536
532
524
516
536
532
536
532
528
524
528
536
536
532
540
524
524
544
532
536
528
524
524
532
532
528
532
516
524
544
536
536
532
528
536
528
544
528
544
524
532
536
528
552
544
528
532
532
544
540
540
540
540
516
540
536
540
540
532
540
540
528
548
528
544
524
532
528
536
528
528
524
524
540
524
520
544
520
528
536
536
544
548
528
536
532
548
536
552
532
540
540
540
536
548
532
528
528
540
536
548
544
536
536
532
548
548
548
524
540
548
544
548
532
528
548
548
540
548
536
544
548
552
544
536
548
544
544
564
528
544
544
560
548
552
544
552
548
540
552
528
540
540
548
548
540
544
540
552
540
