768
756
740
736
756
784
756
772
768
796
756
752
752
768
768
752
784
788
744
764
764
792
752
740
772
724
776
772
732
780
796
788
792
776
764
808
776
776
800
796
788
804
780
800
788
804
792
784
788
784
776
768
788
820
796
804
796
792
792
768
776
752
728
780
764
760
756
796
772
772
748
772
752
748
756
736
784
780
756
760
780
796
784
772
768
812
760
792
784
796
800
764
788
748
772
780
780
764
768
768
800
772
756
800
772
788
796
816
800
796
804
808
792
764
776
776
764
748
808
796
812
792
808
816
820
812
788
776
788
768
748
780
756
796
760
780
784
800
780
800
796
796
824
796
776



724
764
820



796
760
784
792
772
784
744
776
752
744
728
748
740
736
744
740
784
740
736
772
748
732
736
732
736
768
720
740
772
756
748
748
744
784
756
720
764
744
764
744
744
768
780
768
748
772
780
764
772
756
764
780
748
748
744
768
772
748
740
764
796
776
748
760
764
760
752
740
724
732
772
740
736
740
708
720
752
736
748
728
736
752
752
740
740
756
752
736
736
740
744
736
720
756
712
740
728
728
732
760
752
756
732
732
732
728
716
712
748
716
736
724
748
744
780
772
740
720
748
768
752
724
780
764
768
772
776
768
752
788
756
764
776
764
768
752
716
748
752
724
740
724

736
704
724
728
748
708
740
692
792
724
712
744
744
732
720
720
768
764
732
760
744
768
776
728
744
732
772
744
728
744
748
788
756
728
752
736
768
744
740
744
784
780


780
792
796
788
756
744
796
796
792
776
760
772
808
800
792
776
752
812
836
816
764
780
776
776
772
736
724
740
748
760
776
728
752
760
792
804
800
808
792
756
756
740
