707.69
738.46
746.15
769.23
746.15
753.85
776.92
792.31
753.85
769.23
784.62
746.15
753.85
761.54
784.62
753.85
769.23
776.92
776.92
746.15
761.54
776.92
776.92
738.46
761.54
769.23
753.85
738.46
753.85
769.23
792.31
776.92
792.31
807.69
769.23
776.92
784.62
776.92
776.92
800.00
792.31
784.62
807.69
800.00
776.92
792.31
807.69
776.92
776.92
792.31
792.31
769.23
784.62
815.38
815.38
784.62
807.69
800.00
776.92
769.23
769.23
761.54
738.46
753.85
784.62
761.54
761.54
784.62
792.31
753.85
769.23
761.54
746.15
738.46
753.85
769.23
746.15
761.54
776.92
784.62
753.85
776.92
792.31
784.62
769.23
784.62
792.31
769.23
792.31
800.00
800.00
776.92
776.92
784.62
753.85
769.23
776.92
792.31
753.85
769.23
784.62
792.31
753.85
776.92
784.62
792.31
776.92
792.31
823.08
807.69
792.31
807.69
800.00
784.62
769.23
776.92
776.92
776.92
761.54
784.62
807.69
815.38
792.31
807.69
815.38
823.08
807.69
776.92
784.62
784.62
776.92
753.85
761.54
776.92
792.31
761.54
769.23
784.62
807.69
792.31
784.62
807.69
807.69
823.08
784.62
784.62
800.00
792.31
769.23
769.23
776.92
784.62
776.92
753.85
792.31
792.31
746.15
769.23
792.31
800.00
761.54
761.54
769.23
769.23
730.77
730.77
738.46
753.85
730.77
746.15
753.85
769.23
753.85
738.46
753.85
753.85
746.15
723.08
738.46
746.15
753.85
730.77
746.15
761.54
761.54
746.15
753.85
746.15
776.92
753.85
738.46
738.46
753.85
761.54
746.15
746.15
769.23
776.92
784.62
753.85
761.54
761.54
784.62
769.23
753.85
769.23
769.23
769.23
738.46
753.85
761.54
769.23
753.85
746.15
761.54
776.92
792.31
753.85
753.85
761.54
769.23
753.85
730.77
730.77
746.15
746.15
753.85
730.77
738.46
746.15
723.08
730.77
746.15
753.85
730.77
746.15
769.23
738.46
738.46
730.77
746.15
753.85
746.15
723.08
746.15
746.15
753.85
715.38
730.77
730.77
746.15
730.77
723.08
730.77
753.85
769.23
753.85
723.08
738.46
730.77
761.54
684.62
715.38
730.77
730.77
746.15
723.08
738.46
753.85
776.92
769.23
730.77
730.77
753.85
761.54
761.54
730.77
769.23
761.54
784.62
784.62
753.85
761.54
769.23
784.62
769.23
753.85
761.54
769.23
761.54
738.46
746.15
746.15
753.85
730.77
730.77
769.23
723.08
746.15
707.69
723.08
730.77
746.15
730.77
730.77
730.77
746.15
738.46
707.69
723.08
746.15
746.15
723.08
715.38
753.85
769.23
738.46
738.46
761.54
769.23
776.92
730.77
730.77
746.15
761.54
761.54
730.77
738.46
746.15
776.92
776.92
730.77
738.46
746.15
761.54
776.92
707.69
753.85
769.23
784.62
1084.62
1230.77
776.92
807.69
807.69
776.92
753.85
761.54
776.92
807.69
807.69
753.85
769.23
800.00
769.23
838.46
753.85
761.54
784.62
807.69
830.77
823.08
761.54
776.92
776.92
776.92
776.92
738.46
723.08
730.77
753.85
769.23
769.23
738.46
738.46
769.23
784.62
815.38
807.69
807.69
792.31
784.62
707.69
746.15
