548
548
532
520
572
572
600
628
568
544
600
584
568
560
596
572
532
540
544
544
544


552
556
544
560
540
596
572
552
552
548
580
560
560
548
536
540



532
556
548
564
528
584






540
544

548
516
560

548


556

568
540
560
568
560
540
580
552
548
532
556
560
536
620
592
568
572
580
564
580
536
604
564
564
544
536
556
556
540
548
540
552
544
584
556
600

548
564
572
580
564
560
548
548
540
544
536
576
564
592
576
584
556
596




564
552
560
580
552
540
544
556
560
548
572
572
568
556
568
584
576
588
552
564
540
564
544
548
556
540



556
576
564



556
580
544
544
540
548
552
552
548
532
556
544
564
568
548
564
556
572
564
576
552
552
588
552
564
540
540
528
560
552
560
540
536
540
544
560
544
556
532
552
540
556
540
576
540
548
552
572
564
584
548
556
544
568
548
556
536
528
540
548
560
540
544
544
540
544
580
560
572
544
556
532
560
560
540
544
528
532
556
556
556
556
560
588
576
576
568
548
572
568
560
544
552
528
508



560
544
536
576
568
580
572
544
556
560
556
552
540
532
524
568
552
552
544
560
556
568
576
572
568
532
568
568
552
536
516
536
516
548
556
584
592
560
604
652
612
604
572
568
592
564
564
544
552
560
540
556
552
536
532
556
556
560
560
544

560
568
540
540
540
564
564
556
560
544
548
540
556
576
552
532
560
556
564
548
520
556
564
556
552
548
564
576
576
576
556
564
556
580
556
540
548
536
548
556

532


532
604
572
540
572
580
564
580
552
516
592
576
548
544
540




544


548
564
532
556
544
584
560
564
556
548
556
540
556
560
536
540
528
564
568
552
568
556
560
552
604
576
576
556
536
560
572
548
536
556
