553.00
538.00
539.00
547.00
554.00
583.00
607.00
606.00
579.00
571.00
576.00
575.00
577.00
576.00
570.00
562.00
543.00
540.00
542.00
542.00
549.00
556.00
559.00
559.00
545.00
547.00
550.00
560.00
567.00
571.00
564.00
552.00
559.00
563.00
564.00
560.00
556.00
546.00
538.00
543.00
544.00
548.00
553.00
547.00
547.00
553.00
557.00
558.00
552.00
532.00
532.00
533.00
542.00
589.00
583.00
558.00
546.00
538.00
529.00
534.00
537.00
541.00
541.00
536.00
535.00
540.00
549.00
562.00
578.00
574.00
559.00
552.00
558.00
551.00
542.00
545.00
548.00
560.00
574.00
594.00
594.00
574.00
563.00
564.00
570.00
575.00
581.00
577.00
570.00
551.00
543.00
546.00
542.00
544.00
552.00
557.00
545.00
542.00
554.00
564.00
590.00
597.00
593.00
570.00
564.00
568.00
566.00
563.00
563.00
557.00
545.00
536.00
541.00
548.00
559.00
583.00
588.00
573.00
577.00
582.00
589.00
598.00
600.00
571.00
559.00
562.00
561.00
563.00
559.00
546.00
541.00
547.00
551.00
562.00
582.00
577.00
563.00
564.00
572.00
577.00
581.00
577.00
555.00
549.00
549.00
550.00
552.00
554.00
550.00
543.00
542.00
550.00
557.00
570.00
580.00
557.00
555.00
562.00
559.00
568.00
567.00
546.00
544.00
549.00
547.00
552.00
552.00
542.00
541.00
550.00
552.00
563.00
563.00
549.00
555.00
561.00
573.00
578.00
573.00
554.00
563.00
559.00
559.00
558.00
545.00
543.00
546.00
548.00
553.00
552.00
547.00
537.00
539.00
544.00
551.00
556.00
554.00
541.00
540.00
542.00
550.00
557.00
558.00
547.00
550.00
560.00
561.00
578.00
576.00
563.00
551.00
554.00
552.00
554.00
553.00
552.00
538.00
536.00
539.00
538.00
544.00
555.00
548.00
540.00
545.00
553.00
561.00
571.00
565.00
549.00
552.00
550.00
550.00
552.00
541.00
532.00
537.00
542.00
553.00
561.00
553.00
556.00
571.00
577.00
584.00
587.00
563.00
558.00
562.00
560.00
556.00
550.00
537.00
529.00
532.00
531.00
542.00
550.00
560.00
546.00
558.00
560.00
573.00
582.00
562.00
553.00
559.00
556.00
551.00
552.00
535.00
535.00
541.00
541.00
550.00
560.00
554.00
554.00
565.00
568.00
577.00
577.00
560.00
556.00
555.00
552.00
546.00
537.00
526.00
528.00
531.00
537.00
562.00
588.00
586.00
591.00
603.00
619.00
625.00
598.00
577.00
583.00
574.00
572.00
558.00
545.00
549.00
549.00
551.00
555.00
544.00
537.00
545.00
546.00
557.00
561.00
560.00
542.00
549.00
552.00
556.00
557.00
549.00
540.00
551.00
550.00
562.00
565.00
548.00
550.00
551.00
552.00
560.00
553.00
547.00
550.00
553.00
554.00
559.00
546.00
541.00
550.00
546.00
560.00
563.00
558.00
566.00
570.00
579.00
574.00
563.00
563.00
563.00
563.00
561.00
544.00
542.00
541.00
543.00
539.00
533.00
530.00
538.00
540.00
560.00
572.00
575.00
558.00
567.00
565.00
581.00
570.00
554.00
555.00
557.00
559.00
552.00
538.00
538.00
540.00
541.00
546.00
539.00
538.00
544.00
545.00
560.00
560.00
547.00
549.00
559.00
564.00
571.00
566.00
548.00
548.00
550.00
547.00
554.00
554.00
544.00
537.00
537.00
545.00
552.00
567.00
576.00
559.00
564.00
573.00
577.00
587.00
572.00
552.00
552.00
554.00
553.00
552.00
542.00
