816
788
796
800
884
796
792
736
728
720
680
680
852
864
764
712
668
656
716
828
800
788
744
732
676
648
668
684
676
628
668
644
656
700
640
652
712
640
636
660
644
644
684
644
700
676
632
612
692
668
676
656
688
676
676
700
656
692
676
648
660
640
680
612
656
652
680
732
748
672
680
664
704
616
604
684
624
640
624
652
664
724
688
660
660
664
660
628
648
652
640
660
632
644
632
660
644
656
632
664
664
692
620
652
656
664
680
656
616
616
680
636
644
620
648
648
672
696
632
660
664
664
688
604
660
668
636
688
644
620
692
612
668
696
612
696
648
676
680
620
620
632
656
668
784
624
636
632
660
672
620
676
676
684
716
652
652
632
668
652
640
604
624
656
636
656
640
672
668
684
692
624
624
664
668
660
656
632
660
680
692
728
668
636
672
700
680
632
652
672
656
652
648
620
628
660
636
604
636
664
672
696
844
764
728
676
616
664
616
624
688
652
680
620
644
620
660
656
608
620
616
640
632
624
620
604
652
640
652
640
636
652
676
632
624
676
680
672
652
656
696
708
636
672
680
692
668
616
604
700
668
684
616
692
660
672
684
636
632
668
644
696
616
664
672
672
712
636
652
644
632
648
632
684
680
640
668
652
652
640
616
636
620
608
640
628
644
600
740
868
772
752
700
668
624
664
624
664
696
656
696
680
672
668
624
636
660
624
616
616
624
608
648
644
704
724
612
668
648
672
636
644
652
644
648
640
652
628
612
644
620
604
640
616
632
640
624
604
604
632
608
620
608
628
644
924
768
720
692
628
672
652
640
636
724
844
784
736
732
696
680
648
628
616
664
672
648
616
648
624
632
628
640
616
624
672
664
728
696
688
628
660
624
672
636
640
660
876
800
724
632
684
644
624
676
660
