840.00
782.00
772.00
814.00
894.00
803.00
765.00
739.00
738.00
717.00
681.00
660.00
884.00
866.00
748.00
703.00
666.00
672.00
701.00
860.00
789.00
764.00
756.00
739.00
669.00
657.00
665.00
676.00
683.00
647.00
652.00
651.00
646.00
643.00
660.00
680.00
671.00
643.00
645.00
650.00
650.00
651.00
665.00
682.00
688.00
650.00
646.00
644.00
664.00
659.00
643.00
643.00
648.00
657.00
681.00
692.00
665.00
671.00
676.00
696.00
680.00
646.00
662.00
654.00
668.00
639.00
642.00
650.00
674.00
725.00
771.00
653.00
676.00
674.00
683.00
647.00
646.00
635.00
638.00
638.00
632.00
636.00
659.00
691.00
717.00
657.00
659.00
660.00
669.00
644.00
646.00
640.00
649.00
650.00
641.00
641.00
636.00
646.00
652.00
657.00
644.00
652.00
659.00
666.00
658.00
649.00
649.00
660.00
673.00
666.00
638.00
635.00
642.00
642.00
647.00
629.00
631.00
647.00
667.00
682.00
665.00
646.00
660.00
662.00
661.00
651.00
647.00
656.00
656.00
669.00
655.00
639.00
645.00
650.00
660.00
663.00
649.00
663.00
661.00
671.00
670.00
652.00
637.00
646.00
649.00
678.00
721.00
717.00
630.00
642.00
633.00
653.00
652.00
647.00
665.00
688.00
708.00
674.00
647.00
646.00
659.00
644.00
646.00
624.00
624.00
634.00
646.00
651.00
651.00
650.00
668.00
678.00
687.00
658.00
640.00
641.00
655.00
662.00
669.00
641.00
649.00
663.00
688.00
723.00
689.00
643.00
669.00
669.00
685.00
667.00
654.00
647.00
660.00
664.00
649.00
637.00
630.00
635.00
633.00
640.00
631.00
649.00
658.00
688.00
859.00
766.00
709.00
668.00
665.00
638.00
633.00
635.00
652.00
663.00
663.00
646.00
639.00
640.00
645.00
643.00
624.00
620.00
625.00
628.00
632.00
628.00
617.00
622.00
628.00
647.00
655.00
640.00
635.00
648.00
654.00
664.00
647.00
646.00
652.00
670.00
676.00
662.00
650.00
673.00
686.00
681.00
667.00
669.00
680.00
676.00
646.00
648.00
666.00
650.00
660.00
661.00
673.00
682.00
654.00
638.00
645.00
656.00
665.00
666.00
649.00
659.00
677.00
679.00
640.00
634.00
632.00
637.00
642.00
638.00
643.00
641.00
663.00
682.00
661.00
641.00
654.00
653.00
648.00
626.00
623.00
618.00
623.00
638.00
629.00
643.00
636.00
682.00
879.00
778.00
740.00
697.00
674.00
635.00
649.00
638.00
668.00
678.00
677.00
671.00
672.00
678.00
669.00
645.00
644.00
640.00
634.00
631.00
614.00
616.00
613.00
635.00
650.00
693.00
728.00
638.00
650.00
637.00
659.00
635.00
636.00
633.00
655.00
658.00
646.00
635.00
613.00
618.00
628.00
640.00
631.00
632.00
626.00
637.00
638.00
630.00
614.00
607.00
611.00
615.00
630.00
614.00
623.00
650.00
884.00
783.00
722.00
680.00
651.00
668.00
656.00
646.00
645.00
683.00
868.00
773.00
733.00
708.00
701.00
689.00
666.00
646.00
631.00
639.00
648.00
663.00
638.00
625.00
629.00
631.00
642.00
632.00
627.00
632.00
640.00
664.00
698.00
728.00
690.00
642.00
655.00
649.00
646.00
644.00
645.00
657.00
855.00
807.00
724.00
668.00
633.00
650.00
651.00
662.00
669.00
